$ANSIBLE_VAULT;1.1;AES256
31626365326661313031363538363133343939643333323732396134643066396361363933303465
3430306566646561643663356463366431616466643063390a313264663735386262666535343664
31663134626531663136333961653836383332336130323162626638626566363765653431316438
3334393361303034620a306534353161333836323033356531346163326663353431616264633631
66346636623462633031383164323136336434643536326332653230636462363333376433363263
62646662303739333531393466623830353137623532393538333865343062643936326431656566
37316363303363353032613934333431636138663934356530303461363765663639396663356438
65366533303561323038313261373864353965393135316331656263353237396666633738663361
63316164393834376330353963343866306663643533313331383831303633363733313633303362
65333864373262653833653637386336303666316538626165306566653534333664326235303165
64363430373063336661363030323937666462346562646138643039373134656533616365643761
63333832353931303335363735346533646239353163353661666532393438366663376237326430
38363438303630396532363564666438303864396638323131303039623032636666653165313064
61613936653838633532623163343732336163333666336436363265306638663230393936626336
61653163393162663938393630373239333131666338653332386430303039353939373865633263
36633231613066353133616564333239643737393136333464656165333139663264653264306138
33623931366436343633393432353330373765616334376238623966666136616165333332616534
33336236633230316231663061643338343738613838653165653134656361303931393465656136
36623161313438653739386666353564383032633364343039303165323934353938356235353232
33353663663130343932646635643934633938666161353364303064613238633039316137633635
30393038333664383735393937343766363537333864306431373739333837373366636531306162
31363765656263626338323739353536616234633266663837366661336230633162633135306464
36666333646136393761343331356539623734623565313665366462363363366562363736303835
63326636363363616466396566666232303065363133346630303331376236333861356131636265
66626534333662336662623764623332623633616638383565653537316666336561613763353161
38623533633338643135326638663438646630363833313832313837643336656365616438386337
63316265306466353162366437636438366665616239396564333333373566643631626532336236
30333264376364343130643064343163616366353662643162323864336565363861643337623261
31616665656165353137643763313133333862373762356362396334613138653931356363383237
31303736626237646565396239396366316662623734333234376432393934646433376562346534
65653462623365323738616534623763623633613634666536626431383961643732636132643638
30366362386263363831393938613331346465646439393130666433323432323665366338626537
34363337646231393233326662633664313032666261636338323761313938373566303735343933
34623139383166333763373539613939613735336233383064373039303066646435323666326439
61326134363331373937333034326434653262353939393535303865306136643230613561343466
31363734303538626661353662313861303363303430666463343235623436633762383864333138
33616661663935623731633238363635376333613161363437396564393838663936316131316230
33353734636335643635386332393531633036313538313139383439346362663961623766356461
63663866633964376138333963383037646338333435353932393861396236363464336639646234
66393538633163626161623533363664626235393536663539333839333461346561386566393838
63666166363164653962613438366164303464656530316162633034613263363732353331363562
62653665633762643536366139633238643038353634323062613863643036633962313665613161
38663165666437306236643339353639346635383636363437333564653862346362323830363962
30393963613038326263616330633234333931653766663935313939643261616639636633323935
34343765393461356331306238323864373366643134316533316636323836393731333833386336
35396436396235313432306638336663373932613162336335313136613165643137313166333165
32643061623863343434353532393730616266633365643131343162666231623365336263643633
64666362656163383365323865396563393232306430363465623934623065643531663037663864
63363134376235656339376161376464363363313864336165626230663237623864313339303335
33336533616235333932623632373766626363343261386230616166633039626161313731613133
63393333346630373031383237376530653133303063376539623134313930383966613730336438
31353265303038656664363061613062313732306430353535393935313563623333633638393261
61356661653732363236613733326137363330333839323233623038626265313536376632333130
30616135613564373064346665653438376336306435613261343337313435646536303365363565
30353039646336366563383263636665383534323265656634333864623563343830333763393763
38333138616338633039373662363032623731376134393466386332613333626264383634383764
36323339343238653965366566393865323536353137623336663265633735633261653762333838
32303534643834396538363734623332623765393136653335663633366632323463303838636430
37336631356631373163326639613336393637663763346433386131353663616264633532636237
39663739653432363536333637656233623233303935626638643462336238333833663732323934
37636339343831633938393133393239373738653733653430303239356361626434343831643964
65353132353230333162356637323737316163313332646662623139316134373530643838333935
63653361613332326533343762626263613363313732666563353139306566356536303261353239
62623530623836386539393764613364356130313464373733346435623166646166386633313563
30366337383835356534636264303938633262393236343438316661323161636634373266626238
39313332653965386539613532636630636664373839373630326631336461373061626434366366
34383831646235323038356535656531643039366637386662303462363465613139303839663339
34636265663262373532383734316563323637363134373833323130353065333831343035386131
31383234373365323738666137356663383863333765323838303634306165656261326534653939
38343937646363643038663566643635613936323233663030626165303733306366393837383837
62373938656266373331386233333432363139316339386461393064366562326133373535336431
36663462396133613763616134623830303233333236316261363738643164373063336331393832
62323036633362646264623265663365363238336139633235666338396331636335623833636130
38323434333362373831323839343431353936363732363166613231373837323238626261333037
66633836326366343932656361636262306339633538613339643464333762346464346535363364
31663465373937326438396431353661636466393665373564656462366637613564656133336566
62383161346263303933633533386362396365663132663965326235613730373233366638323466
62643031646165353362646264316236646130623832396563633432666465396431643136313438
34653563313761366463343933343434393134623736376461303239333331623562373362633930
66323563343966653530653336623838653332393736346431623961373438653661623262343034
65303164326338616130323033346336303235303330373732313364393737626663373164623363
36316637633634373931666266393232636666333566636135343333613966656133613261353539
62663538363530633861306539303361366466316631393037653136373266656636376433373564
31313833373334316537393964383232306534636566666265316465656339393339333266613662
30373138376430366337383436313134663465376130353436383830626263393561366230356633
30356330376230646537643730373665373763663537386232666131626438306330373964366234
35666635646264613039373264613730333262316539633634353938396234653166393464356566
38626136363336663232336639383737633163623563653935633066613736386630666533363635
32336461343339363664636231643462306331383036653332366531653737656235633565336565
30363163633362646266343465663332366438663336303531666636366531363539653362353338
34663239383239623764663734363738646466623063663438306434303239373635373330363034
31633731373562663636326337383036333737393433623537336638373962643132623735653061
6335
